light {
	4 6 -1
}

# Back wall
plane {
  0 0 1
  0 0 -50
  50
  0 1 1
  0.6 0.6 0.6
  0 0 0
}

# Floor
plane {
  0 1 0
  0 -0.2 -100
  10
  0.7 0.7 0.7
  0 0 0
  0 0 0
}

sphere {
  -1.5 0.8 -8
  1
  50
  0 0 0
  0 0 0
  1 0 0
}

sphere {
  0.2 0.8 -5
  1
  100
  1 0 1
  1 1 1
  0 0 0
}

sphere {
  1.2 0.8 -3
  1
  50
  0 0 0
  1 1 1
  1 1 1
}

# Blue pyramid
triangle {
  1.6 -44 1.59
  -6.88 8.8 1.42
  9.76 -44 1.33
  100
  0.0 1 1
  0.6 0.6 0.6
  0.4 0.4 0.4
}

triangle {
  9.76 -44 1.33
  -6.88 8.8 1.42
  -15.36 -44 1.25
  100
  0.0 1.0 1.0
  0.6 0.6 0.6
  0.4 0.4 0.4
}

triangle {
  -15.36 -44 1.25
  -6.88 8.8 1.42
  -23.52 -44 1.51
  100
  0.0 1.0 1.0
  0.6 0.6 0.6
  0.4 0.4 0.4
}

triangle {
  -23.52 -44 1.51
  -6.88 8.8 1.42
  1.6 -44 1.59
  100
  0.0 1.0 1.0
  0.6 0.6 0.6
  0.4 0.4 0.4
}

# small spheres

sphere {
  -1.8 0.1 -6
  0.3
  50
  1 1 0
  1 1 1
  0 0 0
}

sphere {
  -0.5 0 -3
  0.2
  10000
  0 0 0
  1 1 1
  0 1 0
}

sphere {
  0.2 -0.15 -1
  0.05
  50
  1 1 0
  0 0 0
  0 0 1
}

sphere {
  0 0.1 -2
  0.3
  100
  0 0 0
  0 0 0 
  0 0 1
}




